0;0;0;0;0;0;0;0;0;0
0;0;0;0;0;0;0;0;0;0
0;0;12.35;37.04;61.73;61.73;37.04;12.35;0;0
0;0;37.04;172.8;308.6;308.6;172.8;37.04;0;0
0;0;61.73;308.6;1000;1000;308.6;61.73;0;0
0;0;61.73;308.6;1000;1000;308.6;61.73;0;0
0;0;37.04;172.8;308.6;308.6;172.8;37.04;0;0
0;0;12.35;37.04;61.73;61.73;37.04;12.35;0;0
0;0;0;0;0;0;0;0;0;0
0;0;0;0;0;0;0;0;0;0
